node_stack_outerExtension = 0.0, 0.05, 0.0, -0.96091, 0.27684, 0.0, 0
node_attach = 0.0, -0.0775, 0.0, 0.0, -1.0, 0.0, 1

attachRules = 1,1,1,1,0
