node_stack_top = 0.0, 0.0, -0.50125, 0.0, 0.0, -1.0, 1
node_stack_bottom = 0.0, 0.0, 0.50125, 0.0, 0.0, -1.0, 1
node_attach = 0.0, 0.0, 0.0, 0.0, 1.0, 0.0, 0

attachRules = 1,0,1,1,0
